4	3.55427790723	-0.44572209277
4	3.38728979725	-0.61271020275
3	3.22289610587	0.22289610587
5	4.87420562068	-0.12579437932
5	4.54576954301	-0.45423045699
4	3.32240702682	-0.67759297318
4	4.30444099787	0.30444099787
4	3.62813278391	-0.37186721609
3	3.31231117887	0.31231117887
4	3.42889900644	-0.57110099356
5	2.82863845467	-2.17136154533
4	3.62727376167	-0.37272623833
5	3.78780708334	-1.21219291666
4	4.0739411645	0.0739411645
3	3.00358079517	0.00358079517
5	3.32497947208	-1.67502052792
4	3.50523305557	-0.49476694443
5	4.36605454226	-0.63394545774
4	4.109590937	0.109590937
5	4.30459758457	-0.69540241543
3	3.20671531837	0.20671531837
5	5.0	0.0
5	3.5425911361	-1.4574088639
5	4.47768839304	-0.52231160696
5	3.01084040953	-1.98915959047
3	3.47516889718	0.47516889718
3	3.35865585472	0.35865585472
5	4.94845496784	-0.05154503216
3	3.09257356498	0.09257356498
4	2.52564764682	-1.47435235318
5	4.72654745288	-0.27345254712
5	3.97818435529	-1.02181564471
2	3.44670474142	1.44670474142
5	3.28822874917	-1.71177125083
2	3.27083098206	1.27083098206
2	3.50086156745	1.50086156745
5	4.05426366281	-0.94573633719
5	3.4458494158	-1.5541505842
5	3.40159995099	-1.59840004901
5	1.71891108283	-3.28108891717
3	3.5720254431	0.5720254431
4	3.58413249392	-0.41586750608
5	4.49832318005	-0.50167681995
3	3.59642367086	0.59642367086
3	3.38516492666	0.38516492666
4	4.13307606313	0.13307606313
2	4.02839020502	2.02839020502
4	3.82964345736	-0.17035654264
4	3.85007851363	-0.14992148637
5	3.94961512148	-1.05038487852
2	3.69079737765	1.69079737765
3	1.92308744607	-1.07691255393
3	3.96879664806	0.96879664806
5	4.16425536248	-0.83574463752
2	4.25130483437	2.25130483437
5	4.18067934548	-0.81932065452
3	3.61535909122	0.61535909122
3	3.66635401444	0.66635401444
4	3.80099389946	-0.19900610054
5	4.41443576159	-0.58556423841
4	3.38972589417	-0.61027410583
4	3.71785745984	-0.28214254016
4	4.21573386461	0.21573386461
3	3.81180005718	0.81180005718
4	4.26109393249	0.26109393249
3	3.36050777092	0.36050777092
3	3.42911735247	0.42911735247
4	2.65543172713	-1.34456827287
4	3.52575967115	-0.47424032885
3	3.28049143073	0.28049143073
3	3.55145027077	0.55145027077
5	5.0	0.0
3	2.68314518287	-0.31685481713
4	4.1407768427	0.1407768427
4	3.56902714487	-0.43097285513
4	3.09323734737	-0.90676265263
2	3.04897205141	1.04897205141
5	3.75656824732	-1.24343175268
4	3.72586877968	-0.27413122032
4	3.06741100076	-0.93258899924
5	3.92497744423	-1.07502255577
2	2.39757801393	0.39757801393
3	2.67925145641	-0.32074854359
4	4.50760978298	0.50760978298
5	4.20585925861	-0.79414074139
5	4.04057560283	-0.95942439717
3	4.43466265717	1.43466265717
2	4.34523787762	2.34523787762
4	4.71752902454	0.71752902454
4	4.25706765929	0.25706765929
4	3.21342586951	-0.78657413049
