mv_0000001	30878	3.55427790723	1713.12716037
mv_0000001	2647871	3.38728979725	1165.24445326
mv_0000001	1283744	3.22289610587	74.1194065146
mv_0000001	2488120	4.87420562068	377.386546818
mv_0000001	317050	4.54576954301	89.8480983653
mv_0000001	1904905	3.32240702682	134.328627031
mv_0000001	1989766	4.30444099787	2.87266585226
mv_0000001	14756	3.62813278391	1473.98696595
mv_0000001	1027056	3.31231117887	124.897378891
mv_0000001	1149588	3.42889900644	890.283419027
mv_0000001	1394012	2.82863845467	1574.55170688
mv_0000001	1406595	3.62727376167	234.378046876
mv_0000001	2529547	3.78780708334	786.49253212
mv_0000001	1682104	4.0739411645	171.725869536
mv_0000001	2625019	3.00358079517	5.24008413417
mv_0000001	2603381	3.32497947208	137.2959013
mv_0000001	1774623	3.50523305557	763.000007333
mv_0000001	470861	4.36605454226	10.8532550115
mv_0000001	712610	4.109590937	77.1241946979
mv_0000001	1772839	4.30459758457	119.805291419
mv_0000001	1059319	3.20671531837	172.106215179
mv_0000001	2380848	5.0	23.7128285185
mv_0000001	548064	3.5425911361	1246.24752012
mv_0000408	249052	4.47768839304	2420.5254067
mv_0000408	294908	3.01084040953	4112.47063186
mv_0000408	1688299	3.47516889718	4217.43624457
mv_0000408	569246	3.35865585472	3297.3041435
mv_0000408	367210	4.94845496784	2625.78746332
mv_0000408	1847348	3.09257356498	368.329156444
mv_0000408	598875	2.52564764682	926.500499716
mv_0000408	125456	4.72654745288	2808.10214632
mv_0000408	2313527	3.97818435529	1311.01401882
mv_0000408	646634	3.44670474142	1793.98292826
mv_0000408	2380197	3.28822874917	4010.19596685
mv_0000408	2493088	3.27083098206	269.190522403
mv_0000408	118706	3.50086156745	3592.98588732
mv_0000408	567009	4.05426366281	2356.98090703
mv_0000408	2081824	3.4458494158	1918.9029469
mv_0000408	1065870	3.40159995099	1647.84159985
mv_0000408	769048	1.71891108283	3364.73694248
mv_0000408	2075584	3.5720254431	6963.15821793
mv_0000408	1617721	3.58413249392	5172.55081707
mv_0000408	2077841	4.49832318005	3157.17048316
mv_0000408	1911868	3.59642367086	3809.38082703
mv_0000408	166041	3.38516492666	10299.0768459
mv_0000408	1007245	4.13307606313	3614.66909657
mv_0000408	727178	4.02839020502	146.588570394
mv_0000408	2579565	3.82964345736	1925.91150477
mv_0000408	1812382	3.85007851363	7041.65570945
mv_0008433	2377751	3.94961512148	16.8537165982
mv_0008433	2276675	3.69079737765	1320.34700544
mv_0008433	459448	1.92308744607	1382.68177829
mv_0008433	2235852	3.96879664806	4.87098522189
mv_0008433	1953510	4.16425536248	327.344369375
mv_0008433	1048812	4.25130483437	91.7334983656
mv_0008433	503725	4.18067934548	38.689055518
mv_0008433	1286307	3.61535909122	184.447496066
mv_0008433	1962775	3.66635401444	389.574853311
mv_0008433	1739823	3.80099389946	78.9944569261
mv_0013581	202383	4.41443576159	54.3267183566
mv_0013581	2253575	3.38972589417	50.4453333177
mv_0013581	2430613	3.71785745984	277.457268946
mv_0013581	1366647	4.21573386461	977.80056153
mv_0013581	2542031	3.81180005718	694.282407496
mv_0013581	953594	4.26109393249	121.055062642
mv_0013581	1668818	3.36050777092	74.3865552504
mv_0011328	1263600	3.42911735247	298.804105006
mv_0011328	1858089	2.65543172713	1816.64112566
mv_0011328	2489577	3.52575967115	939.669944214
mv_0011328	2010087	3.28049143073	0.496102726698
mv_0011328	1918381	3.55145027077	537.062252617
mv_0011328	2114283	5.0	61.5433000629
mv_0011328	545070	2.68314518287	369.908441208
mv_0011328	373299	4.1407768427	1462.4306817
mv_0011328	2080053	3.56902714487	321.910056578
mv_0011328	1498723	3.09323734737	346.685686191
mv_0011328	2253008	3.04897205141	90.1045987092
mv_0011328	2492594	3.75656824732	474.124248226
mv_0011328	2082431	3.72586877968	661.351891882
mv_0011328	2291043	3.06741100076	502.116840107
mv_0011328	2112802	3.92497744423	391.903555501
mv_0004607	1687165	2.39757801393	123.023040474
mv_0004607	2196752	2.67925145641	173.386241049
mv_0004607	1743210	4.50760978298	1981.32909888
mv_0004607	2341562	4.20585925861	46.3067678369
mv_0004607	1438591	4.04057560283	27.3305474367
mv_0004607	2351387	4.43466265717	1031.64417418
mv_0004607	487258	4.34523787762	97.7249657935
mv_0004607	328231	4.71752902454	14.8625017782
mv_0004607	1661486	4.25706765929	317.131569087
mv_0004607	1271081	3.21342586951	219.511511438