mv_0000001	30878	3.55427790723	1713.12716037
mv_0000001	2647871	3.38728979725	1165.24445326
mv_0000001	1283744	3.22289610587	74.1194065146
mv_0000001	2488120	4.87420562068	377.386546818
mv_0000001	317050	4.54576954301	89.8480983653
mv_0000001	1904905	3.32240702682	134.328627031
mv_0000001	1989766	4.30444099787	2.87266585226
mv_0000001	14756	3.62813278391	1473.98696595
mv_0000001	1027056	3.31231117887	124.897378891
mv_0000001	1149588	3.42889900644	890.283419027
mv_0000001	1394012	2.82863845467	1574.55170688
mv_0000001	1406595	3.62727376167	234.378046876
mv_0000001	2529547	3.78780708334	786.49253212
mv_0000001	1682104	4.0739411645	171.725869536
mv_0000001	2625019	3.00358079517	5.24008413417
mv_0000001	2603381	3.32497947208	137.2959013
mv_0000001	1774623	3.50523305557	763.000007333
mv_0000001	470861	4.36605454226	10.8532550115
mv_0000001	712610	4.109590937	77.1241946979
mv_0000001	1772839	4.30459758457	119.805291419
mv_0000001	1059319	3.20671531837	172.106215179
mv_0000001	2380848	5.0	23.7128285185
mv_0000001	548064	3.5425911361	1246.24752012
mv_0008433	2377751	3.94961512148	16.8537165982
mv_0008433	2276675	3.69079737765	1320.34700544
mv_0008433	459448	1.92308744607	1382.68177829
mv_0008433	2235852	3.96879664806	4.87098522189
mv_0008433	1953510	4.16425536248	327.344369375
mv_0008433	1048812	4.25130483437	91.7334983656
mv_0008433	503725	4.18067934548	38.689055518
mv_0008433	1286307	3.61535909122	184.447496066
mv_0008433	1962775	3.66635401444	389.574853311
mv_0008433	1739823	3.80099389946	78.9944569261
mv_0013581	202383	4.41443576159	54.3267183566
mv_0013581	2253575	3.38972589417	50.4453333177
mv_0013581	2430613	3.71785745984	277.457268946
mv_0013581	1366647	4.21573386461	977.80056153
mv_0013581	2542031	3.81180005718	694.282407496
mv_0013581	953594	4.26109393249	121.055062642
mv_0013581	1668818	3.36050777092	74.3865552504
mv_0011328	1263600	3.42911735247	298.804105006
mv_0011328	1858089	2.65543172713	1816.64112566
mv_0011328	2489577	3.52575967115	939.669944214
mv_0011328	2010087	3.28049143073	0.496102726698
mv_0011328	1918381	3.55145027077	537.062252617
mv_0011328	2114283	5.0	61.5433000629
mv_0011328	545070	2.68314518287	369.908441208
mv_0011328	373299	4.1407768427	1462.4306817
mv_0011328	2080053	3.56902714487	321.910056578
mv_0011328	1498723	3.09323734737	346.685686191
mv_0011328	2253008	3.04897205141	90.1045987092
mv_0011328	2492594	3.75656824732	474.124248226
mv_0011328	2082431	3.72586877968	661.351891882
mv_0011328	2291043	3.06741100076	502.116840107
mv_0011328	2112802	3.92497744423	391.903555501
